912
237 138
792 581
331 299
383 193
349 59
526 135
198 451
160 122
167 126
284 87
192 147
255 3
168 12
443 541
520 353
216 413
40 533
53 119
392 64
4 15
578 606
666 470
397 369
885 350
259 251
872 68
136 807
471 58
357 154
223 189
890 544
216 436
91 93
440 586
156 73
696 311
408 203
522 699
90 293
433 145
332 375
289 169
231 140
104 198
270 100
25 26
14 246
827 421
414 753
185 128
875 574
715 512
720 192
520 701
20 89
406 354
22 68
23 769
195 849
452 360
619 650
23 224
834 540
512 465
717 95
855 131
53 368
17 51
252 183
26 71
5 186
36 362
265 706
694 906
150 154
876 482
161 193
576 85
88 82
681 602
447 154
505 468
313 227
384 187
114 847
114 96
610 295
10 7
856 641
122 46
563 135
298 465
253 275
319 897
587 577
23 13
597 644
65 242
627 9
778 573
48 550
268 252
395 42
226 47
247 161
773 50
427 536
51 248
314 79
539 81
518 698
809 78
862 878
400 149
179 309
446 839
303 589
223 761
93 353
841 488
239 177
83 345
12 55
240 528
465 470
858 190
38 9
618 660
458 559
712 218
114 155
359 399
24 36
391 544
534 218
243 242
363 416
358 287
374 228
149 84
387 269
142 152
265 396
835 549
569 19
188 365
510 68
113 19
156 233
156 323
244 249
565 710
207 214
77 378
687 402
713 314
236 590
253 679
880 525
361 621
272 799
745 450
532 686
818 578
410 309
481 289
231 244
254 56
371 82
845 129
186 197
768 625
80 781
518 485
607 172
320 39
135 381
429 216
80 153
650 900
550 612
775 194
249 653
245 117
39 28
230 195
532 655
82 49
317 226
472 244
763 478
261 113
235 161
612 730
363 624
865 384
377 10
355 354
42 76
462 6
699 898
95 43
503 888
276 492
725 59
418 285
692 509
271 130
369 7
35 721
90 130
181 155
355 591
508 325
202 836
702 612
588 187
166 217
122 718
643 445
657 350
314 824
34 328
770 744
676 311
322 283
261 868
21 64
197 515
284 504
91 802
116 141
368 678
104 143
22 34
494 417
423 199
3 2
542 57
117 475
240 265
473 190
874 107
611 331
119 266
426 598
221 409
31 19
477 103
285 41
181 200
306 134
119 209
124 28
411 179
184 120
7 851
157 294
3 258
70 741
202 30
16 21
264 102
648 134
498 64
37 177
626 441
838 753
64 136
711 444
252 274
4 118
695 418
467 135
714 468
13 19
101 210
315 478
91 97
335 577
457 870
60 305
421 622
690 46
446 441
438 506
177 205
447 572
334 292
749 825
66 75
111 846
744 103
509 354
304 604
66 61
421 580
196 171
269 456
323 594
561 608
141 401
45 30
257 62
115 708
307 283
547 23
848 776
788 498
109 112
31 826
86 5
303 298
134 123
586 658
446 458
816 869
731 337
566 440
192 601
908 2
180 141
568 61
18 90
853 861
341 270
80 2
543 437
83 862
215 111
241 205
530 163
599 675
172 688
212 850
104 54
212 412
129 147
32 531
651 268
228 159
11 10
3 6
359 76
131 77
685 511
811 445
4 5
615 432
49 20
208 30
5 25
360 636
162 161
634 364
524 24
132 206
597 206
241 519
190 144
219 15
373 370
10 407
46 8
282 404
739 363
491 258
616 324
14 785
132 98
169 211
233 488
140 84
286 367
35 42
315 318
530 806
798 702
37 29
533 797
432 404
549 467
112 304
68 83
48 892
54 1
751 795
29 30
654 360
829 673
44 716
108 5
822 495
106 613
873 759
326 104
419 605
222 348
647 172
259 823
405 80
279 220
49 767
278 212
777 121
2 98
280 182
633 376
87 78
218 301
77 79
108 344
677 202
286 630
548 265
71 72
682 539
717 723
179 220
2 1
316 757
203 229
61 736
28 887
123 499
409 500
816 461
234 421
58 99
340 160
8 35
319 444
452 618
496 123
853 140
5 738
864 516
28 70
8 7
156 272
44 61
665 515
36 139
327 787
301 575
191 120
854 719
386 121
48 38
267 260
18 8
649 28
242 352
90 212
110 16
600 631
620 671
53 893
689 115
4 1
238 210
341 554
126 253
289 620
212 236
205 337
83 106
729 19
431 142
120 225
380 212
128 507
424 243
103 222
133 9
779 881
779 319
351 182
12 463
840 694
164 7
249 425
345 704
50 489
58 30
15 183
565 740
188 142
166 308
65 8
115 517
319 179
5 57
29 10
242 321
37 379
487 821
373 831
33 732
99 263
468 370
2 13
363 111
201 453
62 38
503 250
132 837
830 49
91 60
114 256
42 780
77 562
292 457
2 9
250 76
440 338
281 253
383 529
363 697
665 794
300 44
14 527
646 387
295 274
638 618
469 639
262 560
101 116
69 65
593 635
632 419
137 23
194 6
315 551
488 672
395 760
253 286
63 342
201 637
820 222
567 261
659 208
557 316
521 271
896 890
8 32
312 501
302 724
352 376
189 296
368 909
165 67
84 128
10 28
437 110
237 899
329 663
480 235
52 640
40 20
625 554
39 50
54 338
113 600
776 733
326 674
302 25
790 859
61 333
266 728
221 153
305 361
94 55
38 138
163 83
453 592
454 461
201 43
697 747
790 546
379 434
24 123
766 458
382 664
378 402
240 15
494 762
169 905
751 616
282 271
311 76
656 1
553 99
394 13
70 189
232 694
734 693
87 218
484 596
445 772
555 551
361 891
12 291
72 276
561 197
32 213
47 14
641 860
41 292
165 356
44 27
564 359
487 16
46 96
728 764
156 871
389 305
585 180
700 582
125 151
449 256
330 552
127 98
334 417
889 40
443 288
237 800
188 556
345 842
664 828
749 75
583 221
911 529
345 483
64 310
308 902
796 603
515 765
58 63
97 135
571 446
129 57
31 288
123 203
439 146
97 111
109 8
403 191
93 144
879 37
46 330
134 283
95 176
173 482
40 174
742 240
866 549
430 286
463 474
852 229
294 584
428 350
179 350
11 92
46 105
56 39
354 801
78 11
669 317
719 293
502 176
805 622
326 459
10 84
19 67
301 537
370 746
71 74
218 683
273 270
645 476
319 382
217 886
18 24
358 516
329 137
170 172
36 325
479 448
4 7
326 495
813 457
393 390
67 545
745 857
89 469
429 593
450 144
207 157
514 365
409 883
442 254
124 157
727 560
286 391
812 310
347 241
540 71
345 803
156 497
106 668
11 14
391 750
73 9
332 282
242 814
128 262
346 171
35 782
339 22
179 619
60 59
234 58
117 68
673 446
225 336
538 118
71 445
587 863
299 156
367 661
103 64
364 321
277 78
125 37
305 438
227 65
754 412
170 595
36 53
867 151
415 73
262 882
354 285
195 99
756 376
154 324
419 296
450 570
23 27
819 473
381 603
298 74
426 31
77 76
173 106
193 435
18 33
145 139
774 323
364 705
42 43
423 793
391 532
877 180
316 281
404 485
894 489
197 670
33 171
817 497
420 50
535 412
61 148
509 884
364 629
361 573
306 454
398 64
667 390
52 42
158 43
42 758
833 490
343 140
901 76
613 693
623 142
17 8
287 177
230 581
48 579
64 735
475 582
48 121
154 578
557 565
599 500
290 60
388 484
127 216
609 227
12 6
218 709
449 546
107 71
558 907
151 260
315 218
791 204
490 202
71 414
16 15
904 835
769 789
488 832
272 455
44 182
101 50
85 5
574 138
275 335
45 100
175 160
652 486
614 256
159 126
511 311
251 115
783 472
639 680
707 455
178 65
41 8
5 169
430 558
703 428
50 120
460 155
737 255
441 277
360 220
641 190
460 525
895 64
733 646
56 204
